"","age","gender","stwt","atl","diet","exercise","attend","online","achieved","length"
"1",49,0,200,49,"Red",1,0,0,0,150
"2",35,0,220,42,"Purple",1,0,1,1,132
"3",58,0,250,58,"Red",0,0,1,0,150
"4",41,0,240,59,"Red",0,0,0,0,150
"5",44,0,240,64,"Red",0,0,1,0,150
"6",18,0,230,50,"Purple",0,0,1,0,150
"7",36,0,240,52,"Green",1,0,1,0,150
"8",41,0,250,58,"Green",0,0,1,0,150
"9",38,0,220,61,"Purple",0,0,0,0,150
"10",44,0,230,43,"Purple",1,1,1,0,150
"11",37,0,230,57,"Red",0,0,0,0,150
"12",45,0,230,48,"Green",0,0,1,0,150
"13",42,0,260,65,"Purple",1,0,1,0,150
"14",47,0,230,55,"Green",1,1,0,0,150
"15",30,0,240,45,"Red",0,0,1,0,150
"16",47,0,220,54,"Purple",1,1,1,0,150
"17",57,0,230,58,"Purple",0,1,1,0,150
"18",52,0,230,52,"Purple",0,0,0,0,150
"19",24,0,240,54,"Green",0,0,1,0,150
"20",52,0,250,62,"Red",0,0,0,0,150
"21",46,0,230,58,"Green",0,1,0,0,150
"22",51,0,230,50,"Purple",1,1,1,0,150
"23",28,0,230,47,"Red",0,0,0,0,150
"24",47,0,250,56,"Red",0,0,1,0,150
"25",35,0,240,49,"Purple",1,0,1,0,150
"26",44,0,240,58,"Green",1,1,1,0,150
"27",22,1,180,15,"Green",0,1,1,1,13
"28",46,1,160,15,"Red",1,0,1,1,25
"29",49,1,170,13,"Purple",0,0,1,0,150
"30",44,1,170,15,"Purple",0,1,1,1,4
"31",41,2,170,20,"Purple",0,0,1,0,150
"32",64,2,160,26,"Green",0,0,1,1,83
"33",31,2,140,22,"Green",0,0,1,1,131
"34",48,2,170,29,"Red",0,0,1,0,150
"35",56,2,180,25,"Purple",0,1,1,1,99
"36",51,2,170,22,"Purple",1,0,1,0,150
"37",37,2,160,28,"Purple",1,0,0,0,150
"38",29,2,160,23,"Purple",1,0,1,0,150
"39",52,2,150,22,"Purple",1,0,1,0,150
"40",23,2,190,34,"Green",0,1,0,0,150
"41",42,2,190,20,"Green",0,1,1,1,8
"42",33,2,170,16,"Purple",0,1,1,1,123
"43",50,2,140,19,"Green",1,0,1,1,35
"44",26,2,150,13,"Red",0,0,1,1,40
"45",47,2,180,31,"Green",1,0,0,0,150
"46",36,2,160,20,"Red",0,1,1,1,28
"47",32,2,160,24,"Red",0,1,1,1,11
"48",35,2,180,33,"Red",1,0,0,0,150
"49",55,2,190,27,"Green",0,0,1,0,150
"50",33,2,160,27,"Green",0,0,1,0,150
"51",47,2,150,21,"Purple",0,0,1,0,150
"52",49,2,160,21,"Green",0,0,0,0,150
"53",44,2,150,21,"Green",0,1,1,1,12
"54",51,2,150,20,"Purple",1,0,0,1,146
"55",47,2,190,34,"Green",1,1,1,1,99
"56",4,2,180,27,"Purple",0,1,0,0,150
"57",49,2,150,24,"Purple",1,0,1,0,150
"58",27,2,190,31,"Purple",1,0,1,0,150
"59",40,2,190,26,"Purple",0,1,1,0,150
"60",33,2,150,24,"Purple",0,0,1,0,150
"61",42,2,170,28,"Green",0,0,1,0,150
"62",28,2,180,28,"Green",0,0,1,1,118
"63",36,2,170,25,"Green",0,0,1,1,62
"64",33,2,170,14,"Purple",0,1,1,1,25
"65",44,2,150,24,"Green",1,1,1,1,52
"66",29,2,180,23,"Purple",0,0,0,0,150
"67",38,2,160,23,"Purple",0,0,1,0,150
"68",54,2,190,19,"Purple",1,1,1,0,150
"69",34,2,160,31,"Green",0,0,0,0,150
"70",44,2,180,26,"Purple",1,0,0,0,150
"71",46,2,160,27,"Green",0,0,1,1,29
"72",40,2,180,20,"Green",0,1,1,1,13
"73",29,2,160,21,"Red",0,0,1,1,59
"74",34,2,150,24,"Green",0,1,1,1,9
"75",28,2,150,17,"Red",1,0,1,1,47
"76",39,2,160,20,"Green",0,0,0,1,28
"77",56,2,180,27,"Red",1,1,1,1,25
"78",37,2,170,24,"Purple",1,0,1,1,43
"79",37,2,170,24,"Purple",0,0,1,0,150
"80",50,2,150,22,"Green",0,0,1,0,150
"81",40,2,140,14,"Red",0,0,1,1,59
"82",38,2,190,24,"Purple",0,0,1,0,150
"83",42,2,180,34,"Purple",0,0,1,0,150
"84",46,2,170,24,"Green",0,0,1,0,150
"85",44,2,160,23,"Purple",0,0,1,0,150
"86",54,2,190,27,"Red",0,0,1,0,150
"87",57,2,170,26,"Purple",1,1,1,0,150
"88",42,2,160,25,"Green",1,1,1,1,83
"89",55,2,170,25,"Purple",0,0,1,0,150
"90",41,2,160,27,"Purple",0,0,1,0,150
"91",40,2,170,32,"Red",0,0,0,0,150
"92",25,2,170,23,"Purple",0,0,1,1,40
"93",56,2,170,24,"Red",1,0,1,1,53
"94",44,2,190,34,"Red",1,0,0,0,150
"95",46,2,160,30,"Purple",0,0,1,0,150
"96",49,2,180,28,"Purple",0,1,1,0,150
"97",61,2,170,26,"Purple",0,0,1,0,150
"98",31,2,170,21,"Green",0,1,0,1,16
"99",13,2,160,26,"Purple",1,0,1,0,150
"100",41,2,170,20,"Red",0,1,1,0,3
"101",40,2,190,29,"Purple",0,0,1,0,150
"102",55,2,160,20,"Purple",1,0,1,0,150
"103",40,2,180,32,"Purple",0,0,1,0,150
"104",38,2,170,29,"Purple",1,0,1,0,150
"105",41,2,170,26,"Green",0,1,1,1,71
"106",21,2,170,24,"Red",1,1,1,1,18
"107",51,2,180,30,"Red",0,1,0,0,150
"108",35,2,180,22,"Green",0,1,1,1,12
"109",51,2,150,18,"Purple",0,0,0,0,150
"110",33,2,170,16,"Purple",1,0,1,0,150
"111",30,2,140,13,"Red",1,0,1,1,9
"112",44,2,150,24,"Red",1,1,1,1,10
"113",43,2,170,22,"Red",0,0,1,1,29
"114",34,2,170,30,"Purple",0,0,1,0,150
"115",48,2,160,30,"Red",0,0,1,0,150
"116",46,2,190,20,"Purple",1,0,1,1,81
"117",39,2,140,20,"Green",0,1,1,1,9
"118",31,2,160,18,"Green",0,1,1,1,24
"119",40,2,180,24,"Green",0,0,1,1,22
"120",39,2,160,27,"Purple",0,1,1,1,54
"121",41,2,150,8,"Purple",0,0,0,0,150
"122",34,2,150,27,"Purple",0,1,0,0,150
"123",22,2,160,28,"Purple",0,1,1,1,107
"124",57,2,170,28,"Red",0,1,1,1,93
"125",33,2,180,29,"Purple",1,0,1,0,150
"126",39,2,150,18,"Purple",0,0,1,1,50
"127",40,2,180,31,"Red",1,1,1,1,41
"128",27,2,190,22,"Red",0,0,1,0,150
"129",41,2,150,16,"Purple",0,0,1,1,107
"130",42,2,130,25,"Purple",1,0,1,0,150
"131",35,2,180,25,"Purple",0,0,1,0,150
"132",62,2,160,23,"Green",1,0,1,1,93
"133",32,2,150,30,"Purple",0,0,1,0,150
"134",38,2,160,29,"Green",0,0,1,0,150
"135",44,2,170,22,"Purple",0,0,1,0,150
"136",51,2,170,26,"Green",0,0,1,1,133
"137",39,2,150,19,"Red",0,1,1,1,10
"138",37,2,180,22,"Purple",0,0,1,0,150
"139",32,2,140,24,"Purple",0,0,1,0,150
"140",42,2,170,30,"Purple",1,1,1,0,150
"141",48,2,150,23,"Purple",0,1,1,1,35
"142",42,2,180,29,"Purple",0,0,0,0,150
"143",14,2,170,25,"Purple",0,1,0,0,150
"144",34,2,170,27,"Red",1,1,0,0,150
"145",33,2,120,18,"Purple",0,0,1,0,150
"146",31,2,160,24,"Purple",0,1,1,1,114
"147",30,2,170,22,"Red",0,1,1,1,75
"148",34,2,160,23,"Purple",1,1,0,1,85
"149",55,2,170,25,"Red",1,1,0,0,4
"150",47,2,170,22,"Purple",0,1,1,0,150
"151",45,2,170,28,"Green",0,1,1,1,31
"152",25,2,180,27,"Purple",0,0,1,0,150
"153",46,2,170,30,"Red",0,0,0,0,150
"154",27,2,180,28,"Green",0,0,1,0,150
"155",43,2,160,27,"Green",1,0,1,0,150
"156",51,2,160,23,"Green",0,0,1,1,139
"157",57,2,170,23,"Green",1,0,0,1,114
"158",48,2,160,23,"Purple",0,0,0,0,150
"159",45,2,160,24,"Purple",1,1,1,1,59
"160",65,2,170,31,"Green",1,1,1,1,66
"161",36,2,160,24,"Purple",0,0,1,0,150
"162",37,2,160,25,"Purple",0,1,0,1,143
"163",56,2,180,29,"Red",0,1,1,1,144
"164",50,2,170,15,"Purple",1,1,1,1,5
"165",44,2,160,25,"Red",0,1,0,0,150
"166",40,2,160,19,"Red",0,1,1,1,5
"167",33,2,170,24,"Green",0,1,0,1,81
"168",38,2,150,20,"Red",1,1,1,1,23
"169",54,2,150,24,"Purple",1,1,1,1,131
"170",23,2,150,22,"Green",0,0,0,0,150
"171",47,2,170,31,"Purple",1,0,1,0,150
"172",45,2,170,19,"Green",0,0,1,1,11
"173",38,2,170,29,"Green",0,0,1,1,70
"174",51,2,180,24,"Green",1,0,1,0,150
"175",34,2,170,19,"Red",0,1,1,1,12
"176",39,2,160,22,"Red",0,0,1,1,108
"177",51,2,170,25,"Red",0,1,1,1,135
"178",35,2,190,29,"Green",0,1,1,1,111
"179",40,2,190,27,"Purple",0,1,1,0,150
"180",39,2,170,23,"Green",0,0,1,1,108
"181",36,2,160,24,"Purple",0,0,1,0,150
"182",25,2,160,30,"Green",0,0,1,0,150
"183",43,2,180,17,"Purple",0,0,1,0,150
"184",55,2,180,28,"Red",0,0,1,0,150
"185",51,2,160,24,"Purple",0,0,1,0,150
"186",44,2,170,10,"Green",1,0,0,1,12
"187",31,2,160,27,"Purple",0,0,1,0,150
"188",41,2,170,18,"Red",1,0,1,1,24
"189",31,2,150,19,"Red",0,0,1,0,150
"190",41,2,160,23,"Purple",1,0,1,0,150
"191",48,2,150,17,"Purple",0,1,1,1,24
"192",36,2,170,23,"Purple",0,1,1,1,120
"193",32,2,140,16,"Purple",0,0,1,0,150
"194",30,2,150,18,"Red",0,0,1,1,117
"195",54,2,140,23,"Purple",0,1,1,0,150
"196",27,2,150,22,"Red",1,0,1,1,44
"197",26,2,170,26,"Purple",0,0,0,0,150
"198",41,2,160,34,"Red",0,0,1,0,150
"199",31,2,170,20,"Red",0,0,1,1,16
"200",57,2,180,27,"Purple",0,1,0,0,150
"201",46,2,160,22,"Purple",0,1,1,0,150
"202",48,2,180,24,"Purple",0,1,1,0,150
"203",32,2,160,17,"Purple",0,0,1,1,23
"204",29,2,200,33,"Purple",1,1,0,0,150
"205",45,2,180,27,"Purple",0,0,0,0,150
"206",29,2,180,27,"Purple",1,1,0,1,54
"207",31,2,170,33,"Purple",0,0,1,0,150
"208",50,2,150,19,"Purple",0,0,1,0,150
"209",38,2,190,37,"Red",0,1,1,0,150
"210",19,2,170,24,"Green",0,1,0,1,132
"211",46,2,180,22,"Purple",0,1,0,1,56
"212",63,2,150,23,"Purple",1,0,0,0,150
"213",15,2,160,20,"Red",0,0,1,0,150
"214",36,2,200,36,"Purple",0,0,1,0,150
"215",49,2,180,22,"Green",0,0,1,0,150
"216",46,2,170,21,"Green",0,1,1,1,12
"217",34,2,160,22,"Purple",0,0,1,0,150
"218",21,2,180,34,"Green",0,0,1,0,150
"219",34,2,180,30,"Red",0,0,1,0,150
"220",28,2,190,28,"Red",0,0,1,0,150
