age,gender,stwt,atl,diet,exercise,attend,online,achieved,length
49,0,200,49,Red,1,0,0,0,150
35,0,220,42,Purple,1,0,1,1,132
58,0,250,58,Red,0,0,1,0,150
41,0,240,59,Red,0,0,0,0,150
44,0,240,64,Red,0,0,1,0,150
18,0,230,50,Purple,0,0,1,0,150
36,0,240,52,Green,1,0,1,0,150
41,0,250,58,Green,0,0,1,0,150
38,0,220,61,Purple,0,0,0,0,150
44,0,230,43,Purple,1,1,1,0,150
37,0,230,57,Red,0,0,0,0,150
45,0,230,48,Green,0,0,1,0,150
42,0,260,65,Purple,1,0,1,0,150
47,0,230,55,Green,1,1,0,0,150
30,0,240,45,Red,0,0,1,0,150
47,0,220,54,Purple,1,1,1,0,150
57,0,230,58,Purple,0,1,1,0,150
52,0,230,52,Purple,0,0,0,0,150
24,0,240,54,Green,0,0,1,0,150
52,0,250,62,Red,0,0,0,0,150
46,0,230,58,Green,0,1,0,0,150
51,0,230,50,Purple,1,1,1,0,150
28,0,230,47,Red,0,0,0,0,150
47,0,250,56,Red,0,0,1,0,150
35,0,240,49,Purple,1,0,1,0,150
44,0,240,58,Green,1,1,1,0,150
22,1,180,15,Green,0,1,1,1,13
46,1,160,15,Red,1,0,1,1,25
49,1,170,13,Purple,0,0,1,0,150
44,1,170,15,Purple,0,1,1,1,4
41,2,170,20,Purple,0,0,1,0,150
64,2,160,26,Green,0,0,1,1,83
31,2,140,22,Green,0,0,1,1,131
48,2,170,29,Red,0,0,1,0,150
56,2,180,25,Purple,0,1,1,1,99
51,2,170,22,Purple,1,0,1,0,150
37,2,160,28,Purple,1,0,0,0,150
29,2,160,23,Purple,1,0,1,0,150
52,2,150,22,Purple,1,0,1,0,150
23,2,190,34,Green,0,1,0,0,150
42,2,190,20,Green,0,1,1,1,8
33,2,170,16,Purple,0,1,1,1,123
50,2,140,19,Green,1,0,1,1,35
26,2,150,13,Red,0,0,1,1,40
47,2,180,31,Green,1,0,0,0,150
36,2,160,20,Red,0,1,1,1,28
32,2,160,24,Red,0,1,1,1,11
35,2,180,33,Red,1,0,0,0,150
55,2,190,27,Green,0,0,1,0,150
33,2,160,27,Green,0,0,1,0,150
47,2,150,21,Purple,0,0,1,0,150
49,2,160,21,Green,0,0,0,0,150
44,2,150,21,Green,0,1,1,1,12
51,2,150,20,Purple,1,0,0,1,146
47,2,190,34,Green,1,1,1,1,99
4,2,180,27,Purple,0,1,0,0,150
49,2,150,24,Purple,1,0,1,0,150
27,2,190,31,Purple,1,0,1,0,150
40,2,190,26,Purple,0,1,1,0,150
33,2,150,24,Purple,0,0,1,0,150
42,2,170,28,Green,0,0,1,0,150
28,2,180,28,Green,0,0,1,1,118
36,2,170,25,Green,0,0,1,1,62
33,2,170,14,Purple,0,1,1,1,25
44,2,150,24,Green,1,1,1,1,52
29,2,180,23,Purple,0,0,0,0,150
38,2,160,23,Purple,0,0,1,0,150
54,2,190,19,Purple,1,1,1,0,150
34,2,160,31,Green,0,0,0,0,150
44,2,180,26,Purple,1,0,0,0,150
46,2,160,27,Green,0,0,1,1,29
40,2,180,20,Green,0,1,1,1,13
29,2,160,21,Red,0,0,1,1,59
34,2,150,24,Green,0,1,1,1,9
28,2,150,17,Red,1,0,1,1,47
39,2,160,20,Green,0,0,0,1,28
56,2,180,27,Red,1,1,1,1,25
37,2,170,24,Purple,1,0,1,1,43
37,2,170,24,Purple,0,0,1,0,150
50,2,150,22,Green,0,0,1,0,150
40,2,140,14,Red,0,0,1,1,59
38,2,190,24,Purple,0,0,1,0,150
42,2,180,34,Purple,0,0,1,0,150
46,2,170,24,Green,0,0,1,0,150
44,2,160,23,Purple,0,0,1,0,150
54,2,190,27,Red,0,0,1,0,150
57,2,170,26,Purple,1,1,1,0,150
42,2,160,25,Green,1,1,1,1,83
55,2,170,25,Purple,0,0,1,0,150
41,2,160,27,Purple,0,0,1,0,150
40,2,170,32,Red,0,0,0,0,150
25,2,170,23,Purple,0,0,1,1,40
56,2,170,24,Red,1,0,1,1,53
44,2,190,34,Red,1,0,0,0,150
46,2,160,30,Purple,0,0,1,0,150
49,2,180,28,Purple,0,1,1,0,150
61,2,170,26,Purple,0,0,1,0,150
31,2,170,21,Green,0,1,0,1,16
13,2,160,26,Purple,1,0,1,0,150
41,2,170,20,Red,0,1,1,0,3
40,2,190,29,Purple,0,0,1,0,150
55,2,160,20,Purple,1,0,1,0,150
40,2,180,32,Purple,0,0,1,0,150
38,2,170,29,Purple,1,0,1,0,150
41,2,170,26,Green,0,1,1,1,71
21,2,170,24,Red,1,1,1,1,18
51,2,180,30,Red,0,1,0,0,150
35,2,180,22,Green,0,1,1,1,12
51,2,150,18,Purple,0,0,0,0,150
33,2,170,16,Purple,1,0,1,0,150
30,2,140,13,Red,1,0,1,1,9
44,2,150,24,Red,1,1,1,1,10
43,2,170,22,Red,0,0,1,1,29
34,2,170,30,Purple,0,0,1,0,150
48,2,160,30,Red,0,0,1,0,150
46,2,190,20,Purple,1,0,1,1,81
39,2,140,20,Green,0,1,1,1,9
31,2,160,18,Green,0,1,1,1,24
40,2,180,24,Green,0,0,1,1,22
39,2,160,27,Purple,0,1,1,1,54
41,2,150,8,Purple,0,0,0,0,150
34,2,150,27,Purple,0,1,0,0,150
22,2,160,28,Purple,0,1,1,1,107
57,2,170,28,Red,0,1,1,1,93
33,2,180,29,Purple,1,0,1,0,150
39,2,150,18,Purple,0,0,1,1,50
40,2,180,31,Red,1,1,1,1,41
27,2,190,22,Red,0,0,1,0,150
41,2,150,16,Purple,0,0,1,1,107
42,2,130,25,Purple,1,0,1,0,150
35,2,180,25,Purple,0,0,1,0,150
62,2,160,23,Green,1,0,1,1,93
32,2,150,30,Purple,0,0,1,0,150
38,2,160,29,Green,0,0,1,0,150
44,2,170,22,Purple,0,0,1,0,150
51,2,170,26,Green,0,0,1,1,133
39,2,150,19,Red,0,1,1,1,10
37,2,180,22,Purple,0,0,1,0,150
32,2,140,24,Purple,0,0,1,0,150
42,2,170,30,Purple,1,1,1,0,150
48,2,150,23,Purple,0,1,1,1,35
42,2,180,29,Purple,0,0,0,0,150
14,2,170,25,Purple,0,1,0,0,150
34,2,170,27,Red,1,1,0,0,150
33,2,120,18,Purple,0,0,1,0,150
31,2,160,24,Purple,0,1,1,1,114
30,2,170,22,Red,0,1,1,1,75
34,2,160,23,Purple,1,1,0,1,85
55,2,170,25,Red,1,1,0,0,4
47,2,170,22,Purple,0,1,1,0,150
45,2,170,28,Green,0,1,1,1,31
25,2,180,27,Purple,0,0,1,0,150
46,2,170,30,Red,0,0,0,0,150
27,2,180,28,Green,0,0,1,0,150
43,2,160,27,Green,1,0,1,0,150
51,2,160,23,Green,0,0,1,1,139
57,2,170,23,Green,1,0,0,1,114
48,2,160,23,Purple,0,0,0,0,150
45,2,160,24,Purple,1,1,1,1,59
65,2,170,31,Green,1,1,1,1,66
36,2,160,24,Purple,0,0,1,0,150
37,2,160,25,Purple,0,1,0,1,143
56,2,180,29,Red,0,1,1,1,144
50,2,170,15,Purple,1,1,1,1,5
44,2,160,25,Red,0,1,0,0,150
40,2,160,19,Red,0,1,1,1,5
33,2,170,24,Green,0,1,0,1,81
38,2,150,20,Red,1,1,1,1,23
54,2,150,24,Purple,1,1,1,1,131
23,2,150,22,Green,0,0,0,0,150
47,2,170,31,Purple,1,0,1,0,150
45,2,170,19,Green,0,0,1,1,11
38,2,170,29,Green,0,0,1,1,70
51,2,180,24,Green,1,0,1,0,150
34,2,170,19,Red,0,1,1,1,12
39,2,160,22,Red,0,0,1,1,108
51,2,170,25,Red,0,1,1,1,135
35,2,190,29,Green,0,1,1,1,111
40,2,190,27,Purple,0,1,1,0,150
39,2,170,23,Green,0,0,1,1,108
36,2,160,24,Purple,0,0,1,0,150
25,2,160,30,Green,0,0,1,0,150
43,2,180,17,Purple,0,0,1,0,150
55,2,180,28,Red,0,0,1,0,150
51,2,160,24,Purple,0,0,1,0,150
44,2,170,10,Green,1,0,0,1,12
31,2,160,27,Purple,0,0,1,0,150
41,2,170,18,Red,1,0,1,1,24
31,2,150,19,Red,0,0,1,0,150
41,2,160,23,Purple,1,0,1,0,150
48,2,150,17,Purple,0,1,1,1,24
36,2,170,23,Purple,0,1,1,1,120
32,2,140,16,Purple,0,0,1,0,150
30,2,150,18,Red,0,0,1,1,117
54,2,140,23,Purple,0,1,1,0,150
27,2,150,22,Red,1,0,1,1,44
26,2,170,26,Purple,0,0,0,0,150
41,2,160,34,Red,0,0,1,0,150
31,2,170,20,Red,0,0,1,1,16
57,2,180,27,Purple,0,1,0,0,150
46,2,160,22,Purple,0,1,1,0,150
48,2,180,24,Purple,0,1,1,0,150
32,2,160,17,Purple,0,0,1,1,23
29,2,200,33,Purple,1,1,0,0,150
45,2,180,27,Purple,0,0,0,0,150
29,2,180,27,Purple,1,1,0,1,54
31,2,170,33,Purple,0,0,1,0,150
50,2,150,19,Purple,0,0,1,0,150
38,2,190,37,Red,0,1,1,0,150
19,2,170,24,Green,0,1,0,1,132
46,2,180,22,Purple,0,1,0,1,56
63,2,150,23,Purple,1,0,0,0,150
15,2,160,20,Red,0,0,1,0,150
36,2,200,36,Purple,0,0,1,0,150
49,2,180,22,Green,0,0,1,0,150
46,2,170,21,Green,0,1,1,1,12
34,2,160,22,Purple,0,0,1,0,150
21,2,180,34,Green,0,0,1,0,150
34,2,180,30,Red,0,0,1,0,150
28,2,190,28,Red,0,0,1,0,150
